AÑO / MES / DÍA,HORA,TEMPERATURA (°C),PRECIPITACIÓN (mm/hora),HUMEDAD (%),DIRECCION DEL VIENTO (°),VELOCIDAD DEL VIENTO (m/s)
2023/03/01,00:00,23.3,0.0,99,208,0.0
2023/03/01,01:00,22.9,0.0,99,112,0.0
2023/03/01,02:00,22.7,0.0,99,74,0.0
2023/03/01,03:00,22.6,0.0,100,83,0.0
2023/03/01,04:00,22.8,0.0,100,124,0.3
2023/03/01,05:00,22.8,0.0,100,334,0.0
2023/03/01,06:00,22.9,0.0,100,215,0.0
2023/03/01,07:00,22.9,0.0,100,152,0.0
2023/03/01,08:00,23.0,0.0,100,148,0.0
2023/03/01,09:00,23.4,0.0,100,112,0.1
2023/03/01,10:00,24.7,0.0,97,98,0.3
2023/03/01,11:00,26.6,0.0,90,148,0.0
2023/03/01,12:00,28.2,0.0,85,168,0.0
2023/03/01,13:00,29.9,0.0,79,77,0.1
2023/03/01,14:00,28.7,0.0,87,41,0.8
2023/03/01,15:00,26.1,0.0,93,354,0.4
2023/03/01,16:00,26.3,0.0,90,323,0.4
2023/03/01,17:00,27.1,0.0,89,313,0.6
2023/03/01,18:00,27.6,0.0,84,276,0.5
2023/03/01,19:00,27.8,0.0,87,318,0.0
2023/03/01,20:00,26.2,0.0,96,316,0.0
2023/03/01,21:00,25.0,0.0,98,32,0.0
2023/03/01,22:00,24.4,0.0,99,38,0.0
2023/03/01,23:00,23.9,0.0,99,329,0.0
2023/03/02,00:00,23.6,0.0,99,329,0.0
2023/03/02,01:00,23.7,0.0,99,330,0.0
2023/03/02,02:00,23.9,0.0,99,329,0.0
2023/03/02,03:00,23.7,0.0,99,332,0.0
2023/03/02,04:00,23.5,0.0,100,350,0.3
2023/03/02,05:00,23.1,0.0,99,299,0.0
2023/03/02,06:00,22.5,0.0,99,319,0.0
2023/03/02,07:00,22.2,0.0,100,317,0.0
2023/03/02,09:00,23.4,0.0,99,88,0.1
2023/03/02,10:00,25.3,0.0,93,334,0.2
2023/03/02,11:00,29.0,0.0,81,115,0.5
2023/03/02,12:00,31.9,0.0,72,195,0.3
2023/03/02,13:00,33.9,0.0,66,38,1.5
2023/03/02,14:00,34.1,0.0,63,24,0.9
2023/03/02,15:00,34.9,0.0,62,302,0.5
2023/03/02,16:00,35.9,0.0,S/D,25,0.7
2023/03/02,17:00,34.1,0.0,S/D,352,0.7
2023/03/02,18:00,32.7,0.0,67,42,0.7
2023/03/02,19:00,30.6,0.0,S/D,10,0.0
2023/03/02,20:00,28.2,0.0,92,331,0.1
2023/03/02,21:00,26.8,0.0,96,338,0.0
2023/03/02,22:00,26.0,0.0,98,352,0.0
2023/03/02,23:00,25.4,0.0,98,312,0.0
2023/03/03,00:00,24.8,0.0,99,9,0.0
2023/03/03,01:00,24.4,0.0,99,348,0.0
2023/03/03,02:00,24.1,0.0,99,340,0.0
2023/03/03,03:00,23.8,0.0,99,342,0.0
2023/03/03,04:00,23.6,0.0,99,314,0.0
2023/03/03,05:00,23.7,0.0,99,314,0.0
2023/03/03,06:00,23.8,0.0,99,345,0.0
2023/03/03,07:00,23.3,0.0,99,20,0.0
2023/03/03,08:00,23.3,0.0,100,125,0.0
2023/03/03,09:00,24.3,0.0,97,122,0.0
2023/03/03,10:00,25.7,0.0,89,230,0.0
2023/03/03,11:00,26.6,0.0,84,257,0.0
2023/03/03,12:00,27.3,0.0,84,112,0.5
2023/03/03,13:00,30.2,0.0,77,265,0.4
2023/03/03,14:00,32.6,0.0,71,256,0.4
2023/03/03,15:00,34.2,0.0,65,53,0.9
2023/03/03,16:00,35.0,0.0,57,17,0.5
2023/03/03,17:00,33.3,0.0,58,118,0.7
2023/03/03,18:00,31.4,0.0,66,145,0.0
2023/03/03,19:00,29.6,0.0,83,26,0.0
2023/03/03,20:00,27.2,0.0,93,322,0.0
2023/03/03,21:00,25.9,0.0,97,301,0.0
2023/03/03,22:00,25.1,0.0,98,303,0.1
2023/03/03,23:00,24.7,0.0,98,349,0.0
2023/03/04,00:00,24.5,0.0,99,333,0.0
2023/03/04,01:00,24.4,0.0,99,318,0.0
2023/03/04,02:00,24.3,0.0,99,318,0.0
2023/03/04,03:00,24.0,0.0,99,318,0.0
2023/03/04,04:00,23.7,0.0,99,318,0.0
2023/03/04,05:00,23.6,0.0,99,329,0.0
2023/03/04,06:00,23.3,0.0,99,318,0.0
2023/03/04,07:00,23.3,0.0,100,318,0.0
2023/03/04,08:00,23.7,0.0,99,287,0.0
2023/03/04,09:00,25.2,0.0,96,84,0.4
2023/03/04,10:00,27.1,0.0,88,95,0.2
2023/03/04,11:00,28.8,0.0,83,70,0.9
2023/03/04,12:00,31.4,0.0,75,90,0.3
2023/03/04,13:00,30.6,0.0,81,221,1.0
2023/03/04,14:00,31.5,0.0,81,190,0.5
2023/03/04,15:00,32.4,0.0,78,235,0.4
2023/03/04,16:00,30.7,0.0,82,346,0.8
2023/03/04,17:00,31.6,0.0,73,159,0.3
2023/03/04,18:00,29.6,0.0,83,118,0.1
2023/03/04,19:00,27.4,0.0,91,288,0.4
2023/03/04,20:00,26.2,0.0,93,12,0.4
2023/03/04,21:00,25.3,0.0,96,17,0.0
2023/03/04,22:00,24.8,0.0,98,316,0.0
2023/03/04,23:00,24.5,0.0,99,322,0.0
2023/03/05,00:00,24.3,0.0,99,239,0.0
2023/03/05,01:00,24.1,0.0,99,291,0.0
2023/03/05,02:00,23.8,0.0,99,291,0.0
2023/03/05,03:00,23.8,0.0,99,270,0.0
2023/03/05,04:00,23.9,0.0,99,278,0.0
2023/03/05,05:00,23.9,0.0,99,43,0.0
2023/03/05,06:00,23.9,0.0,99,77,0.0
2023/03/05,07:00,24.0,0.0,99,49,0.0
2023/03/05,08:00,24.1,0.0,99,44,0.0
2023/03/05,09:00,24.6,0.0,99,13,0.0
2023/03/05,10:00,25.7,0.0,95,91,0.2
2023/03/05,11:00,27.5,0.0,89,325,0.5
2023/03/05,12:00,29.2,0.0,82,40,0.9
2023/03/05,13:00,30.3,0.0,78,34,1.1
2023/03/05,14:00,27.2,0.0,90,36,0.8
2023/03/05,15:00,28.1,0.0,85,297,0.1
2023/03/05,16:00,30.0,0.0,80,348,0.9
2023/03/05,17:00,25.7,0.0,98,329,0.2
2023/03/05,18:00,24.5,0.0,99,141,0.6
2023/03/05,19:00,23.9,0.0,100,163,0.0
2023/03/05,20:00,23.6,0.0,100,358,0.0
2023/03/05,21:00,23.3,0.0,100,43,0.1
2023/03/05,22:00,23.0,0.0,100,347,0.1
2023/03/05,23:00,22.9,0.0,100,134,0.1
2023/03/06,00:00,22.9,0.0,100,24,0.0
2023/03/06,01:00,22.7,0.0,100,287,0.0
2023/03/06,02:00,22.7,0.0,100,300,0.0
2023/03/06,03:00,22.7,0.0,100,266,0.0
2023/03/06,04:00,22.6,0.0,100,266,0.0
2023/03/06,05:00,22.6,0.0,100,274,0.0
2023/03/06,06:00,22.6,0.0,100,113,0.0
2023/03/06,07:00,22.5,0.0,100,113,0.0
2023/03/06,08:00,22.6,0.0,100,113,0.0
2023/03/06,09:00,23.0,0.0,100,301,0.1
2023/03/06,10:00,23.7,0.0,100,102,0.0
2023/03/06,11:00,24.5,0.0,100,271,0.1
2023/03/06,12:00,26.1,0.0,95,59,0.5
2023/03/06,13:00,27.9,0.0,87,52,0.4
2023/03/06,14:00,29.2,0.0,82,26,0.5
2023/03/06,15:00,30.1,0.0,78,19,0.7
2023/03/06,16:00,29.8,0.0,79,47,0.8
2023/03/06,17:00,29.4,0.0,80,39,0.9
2023/03/06,18:00,27.1,0.0,85,40,1.4
2023/03/06,19:00,25.5,0.0,91,313,0.2
2023/03/06,20:00,24.5,0.0,96,41,0.0
2023/03/06,21:00,23.6,0.0,98,10,0.0
2023/03/06,22:00,23.1,0.0,99,4,0.0
2023/03/06,23:00,22.8,0.0,99,33,0.0
2023/03/07,00:00,22.6,0.0,99,44,0.0
2023/03/07,01:00,23.0,0.0,99,131,0.0
2023/03/07,02:00,23.0,0.0,99,186,0.0
2023/03/07,03:00,22.9,0.0,99,75,0.0
2023/03/07,04:00,22.8,0.0,99,44,0.0
2023/03/07,05:00,22.7,0.0,99,21,0.0
2023/03/07,06:00,22.7,0.0,100,21,0.0
2023/03/07,07:00,22.8,0.0,100,97,0.0
2023/03/07,08:00,22.9,0.0,99,83,0.0
2023/03/07,09:00,23.3,0.0,99,83,0.0
2023/03/07,10:00,24.1,0.0,95,104,0.0
2023/03/07,11:00,25.7,0.0,90,172,0.3
2023/03/07,12:00,27.7,0.0,85,142,0.5
2023/03/07,13:00,29.5,0.0,81,134,0.4
2023/03/07,14:00,31.6,0.0,73,46,0.4
2023/03/07,15:00,32.9,0.0,70,4,0.5
2023/03/07,16:00,32.7,0.0,71,342,0.6
2023/03/07,17:00,32.4,0.0,69,46,0.9
2023/03/07,18:00,30.6,0.0,82,34,0.0
2023/03/07,19:00,28.4,0.0,93,332,0.5
2023/03/07,20:00,27.1,S/D,96,45,0.1
2023/03/07,21:00,26.4,0.0,98,22,0.0
2023/03/07,22:00,25.7,0.0,98,326,0.0
2023/03/07,23:00,25.0,0.0,99,326,0.0
2023/03/08,00:00,24.4,0.0,99,326,0.0
2023/03/08,01:00,24.0,0.0,99,326,0.0
2023/03/08,02:00,23.6,0.0,99,326,0.0
2023/03/08,03:00,23.5,0.0,99,327,0.0
2023/03/08,04:00,23.4,0.0,100,325,0.0
2023/03/08,05:00,23.4,0.0,100,325,0.0
2023/03/08,06:00,23.3,0.0,100,331,0.0
2023/03/08,07:00,23.3,0.0,100,357,0.0
2023/03/08,08:00,23.3,0.0,100,357,0.0
2023/03/08,09:00,24.0,0.0,100,23,0.0
2023/03/08,10:00,25.1,0.0,97,80,0.1
2023/03/08,11:00,27.7,0.0,88,126,0.6
2023/03/08,12:00,30.9,0.0,78,104,0.6
2023/03/08,13:00,33.0,0.0,71,83,0.6
2023/03/08,14:00,33.0,0.0,68,36,0.9
2023/03/08,15:00,34.2,0.0,65,40,0.6
2023/03/08,16:00,35.1,0.0,63,8,0.3
2023/03/08,17:00,33.5,0.0,65,335,0.4
2023/03/08,18:00,33.1,0.0,68,340,0.2
2023/03/08,19:00,30.9,0.0,82,324,0.0
2023/03/08,20:00,28.6,0.0,94,332,0.0
2023/03/08,21:00,27.7,0.0,96,325,0.0
2023/03/08,22:00,27.0,0.0,98,360,0.0
2023/03/08,23:00,26.7,0.0,98,314,0.0
2023/03/09,00:00,26.4,0.0,97,22,0.2
2023/03/09,01:00,25.8,0.0,98,272,0.0
2023/03/09,02:00,25.6,0.0,99,16,0.0
2023/03/09,03:00,25.4,0.0,99,16,0.0
2023/03/09,04:00,25.3,0.0,99,48,0.0
2023/03/09,05:00,25.1,0.0,99,36,0.0
2023/03/09,06:00,24.9,0.0,99,335,0.0
2023/03/09,07:00,24.7,0.0,99,12,0.0
2023/03/09,08:00,24.5,0.0,99,245,0.0
2023/03/09,09:00,25.5,0.0,98,291,0.0
2023/03/09,10:00,26.5,0.0,93,290,0.2
2023/03/09,11:00,29.0,0.0,85,354,0.2
2023/03/09,12:00,30.7,0.0,80,72,0.6
2023/03/09,13:00,32.0,0.0,76,81,0.8
2023/03/09,14:00,32.7,0.0,74,58,1.1
2023/03/09,15:00,34.5,0.0,69,315,0.3
2023/03/09,16:00,31.6,0.0,80,268,0.1
2023/03/09,17:00,27.0,0.0,96,148,0.0
2023/03/09,18:00,25.9,0.0,98,336,0.1
2023/03/09,19:00,25.4,0.0,98,4,0.0
2023/03/09,20:00,25.1,0.0,99,105,0.1
2023/03/09,21:00,24.9,0.0,99,96,0.0
2023/03/09,22:00,24.7,0.0,99,203,0.0
2023/03/09,23:00,24.6,0.0,99,350,0.0
2023/03/10,00:00,24.6,0.0,99,274,0.0
2023/03/10,01:00,24.5,0.0,99,13,0.0
2023/03/10,02:00,24.4,0.0,99,353,0.4
2023/03/10,03:00,24.1,0.0,99,36,0.0
2023/03/10,04:00,23.7,0.0,99,42,0.3
2023/03/10,05:00,23.5,0.0,100,69,0.0
2023/03/10,06:00,23.6,0.0,100,139,0.0
2023/03/10,07:00,23.6,0.0,100,124,0.0
2023/03/10,08:00,23.7,0.0,100,124,0.0
2023/03/10,09:00,24.0,0.0,100,108,0.0
2023/03/10,10:00,24.3,0.0,100,121,0.0
2023/03/10,11:00,23.1,0.0,100,124,0.6
2023/03/10,12:00,21.8,0.0,100,9,0.0
2023/03/10,13:00,21.9,0.0,100,32,0.3
2023/03/10,14:00,21.7,0.0,100,359,0.3
2023/03/10,15:00,21.9,0.0,100,290,0.4
2023/03/10,16:00,22.0,0.0,100,345,0.2
2023/03/10,17:00,22.1,0.0,100,316,0.2
2023/03/10,18:00,22.4,0.0,100,307,0.0
2023/03/10,19:00,22.4,0.0,100,306,0.1
2023/03/10,20:00,22.2,0.0,100,150,0.0
2023/03/10,21:00,22.1,0.0,100,160,0.0
2023/03/10,22:00,21.9,0.0,100,43,0.1
2023/03/10,23:00,21.9,0.0,100,2,0.0
2023/03/11,00:00,22.1,0.0,100,2,0.0
2023/03/11,01:00,22.0,0.0,100,296,0.1
2023/03/11,02:00,21.8,0.0,100,31,0.0
2023/03/11,03:00,21.7,0.0,100,6,0.1
2023/03/11,04:00,21.6,0.0,100,334,0.0
2023/03/11,05:00,21.6,0.0,100,325,0.1
2023/03/11,06:00,21.4,0.0,100,252,0.0
2023/03/11,07:00,21.5,0.0,100,142,0.0
2023/03/11,08:00,21.5,0.0,100,128,0.1
2023/03/11,09:00,22.1,0.0,100,72,0.0
2023/03/11,10:00,23.1,0.0,98,325,0.2
2023/03/11,11:00,25.4,0.0,91,63,0.2
2023/03/11,12:00,28.9,0.0,82,116,0.9
2023/03/11,13:00,29.4,0.0,79,140,0.4
2023/03/11,14:00,30.6,0.0,77,137,0.6
2023/03/11,15:00,32.3,0.0,71,102,0.0
2023/03/11,16:00,32.6,0.0,67,136,0.7
2023/03/11,17:00,31.3,0.0,74,132,0.2
2023/03/11,18:00,30.3,0.0,80,120,0.3
2023/03/11,19:00,29.5,0.0,79,70,0.2
2023/03/11,20:00,26.8,0.0,91,316,0.0
2023/03/11,21:00,25.4,0.0,97,332,0.0
2023/03/11,22:00,24.9,0.0,98,17,0.0
2023/03/11,23:00,24.5,0.0,98,18,0.0
2023/03/12,00:00,24.4,0.0,99,28,0.0
2023/03/12,01:00,24.2,0.0,99,28,0.0
2023/03/12,02:00,24.0,0.0,99,28,0.0
2023/03/12,03:00,23.9,0.0,99,28,0.0
2023/03/12,04:00,23.7,0.0,99,28,0.0
2023/03/12,05:00,23.4,0.0,99,357,0.0
2023/03/12,06:00,23.3,0.0,99,357,0.0
2023/03/12,07:00,23.3,0.0,99,357,0.0
2023/03/12,08:00,23.4,0.0,100,296,0.0
2023/03/12,09:00,24.0,0.0,99,102,0.0
2023/03/12,10:00,24.8,0.0,95,179,0.0
2023/03/12,11:00,26.2,0.0,91,104,0.1
2023/03/12,12:00,27.4,0.0,86,299,0.3
2023/03/12,13:00,28.4,0.0,83,229,0.1
2023/03/12,14:00,29.0,0.0,82,60,0.1
2023/03/12,15:00,29.0,0.0,84,10,0.8
2023/03/12,16:00,25.4,0.0,97,37,0.4
2023/03/12,17:00,24.6,0.0,98,305,0.0
2023/03/12,18:00,24.6,0.0,99,40,0.0
2023/03/12,19:00,24.4,0.0,99,40,0.0
2023/03/12,20:00,24.1,0.0,99,40,0.0
2023/03/12,21:00,23.8,0.0,99,338,0.0
2023/03/12,22:00,23.4,0.0,99,279,0.0
2023/03/12,23:00,23.1,0.0,100,240,0.0
2023/03/13,00:00,23.1,0.0,100,306,0.0
2023/03/13,01:00,23.0,0.0,100,306,0.0
2023/03/13,02:00,23.0,0.0,100,306,0.0
2023/03/13,03:00,23.1,0.0,100,315,0.0
2023/03/13,04:00,23.1,0.0,100,319,0.0
2023/03/13,05:00,23.0,0.0,100,314,0.0
2023/03/13,06:00,23.0,0.0,100,315,0.0
2023/03/13,07:00,23.0,0.0,100,315,0.0
2023/03/13,08:00,23.0,0.0,100,315,0.0
2023/03/13,09:00,23.5,0.0,99,358,0.0
2023/03/13,10:00,24.6,0.0,95,97,0.0
2023/03/13,11:00,26.3,0.0,89,109,0.0
2023/03/13,12:00,26.9,0.0,87,67,0.2
2023/03/13,13:00,28.8,0.0,81,2,0.8
2023/03/13,14:00,29.6,0.0,79,12,0.9
2023/03/13,15:00,29.7,0.0,80,97,0.1
2023/03/13,16:00,28.8,0.0,84,222,0.3
2023/03/13,17:00,25.6,0.0,97,276,0.1
2023/03/13,18:00,25.5,0.0,99,5,0.0
2023/03/13,19:00,25.0,0.0,99,31,0.1
2023/03/13,20:00,24.5,0.0,99,53,0.0
2023/03/13,21:00,24.3,0.0,99,53,0.0
2023/03/13,22:00,24.1,0.0,100,47,0.1
2023/03/13,23:00,23.9,0.0,99,100,0.0
2023/03/14,00:00,23.7,0.0,100,98,0.0
2023/03/14,01:00,23.7,0.0,100,101,0.1
2023/03/14,02:00,23.5,0.0,100,54,0.0
2023/03/14,03:00,23.4,0.0,100,13,0.0
2023/03/14,04:00,23.3,0.0,100,40,0.0
2023/03/14,05:00,23.0,0.0,100,28,0.2
2023/03/14,06:00,22.8,0.0,100,37,0.0
2023/03/14,07:00,22.9,0.0,100,65,0.0
2023/03/14,08:00,22.9,0.0,100,76,0.0
2023/03/14,09:00,23.3,0.0,100,62,0.0
2023/03/14,10:00,24.4,0.0,98,125,1.1
2023/03/14,11:00,25.7,0.0,93,26,0.3
2023/03/14,12:00,27.4,0.0,87,113,0.8
2023/03/14,13:00,29.7,0.0,80,146,0.5
2023/03/14,14:00,31.0,0.0,73,41,0.8
2023/03/14,15:00,32.4,0.0,71,341,1.1
2023/03/14,16:00,32.2,0.0,71,307,0.6
2023/03/14,17:00,32.5,0.0,68,314,0.6
2023/03/14,18:00,32.4,0.0,68,101,0.3
2023/03/14,19:00,29.0,0.0,86,204,0.7
2023/03/14,20:00,25.6,0.0,96,48,0.0
2023/03/14,21:00,24.8,0.0,98,48,0.0
2023/03/14,22:00,24.7,0.0,99,48,0.0
2023/03/14,23:00,24.7,0.0,99,322,0.1
2023/03/15,00:00,24.5,0.0,99,328,0.0
2023/03/15,01:00,24.4,0.0,99,329,0.0
2023/03/15,02:00,24.4,0.0,99,329,0.0
2023/03/15,03:00,24.2,0.0,99,322,0.0
2023/03/15,04:00,24.1,0.0,99,322,0.0
2023/03/15,05:00,23.8,0.0,99,328,0.0
2023/03/15,06:00,23.8,0.0,99,328,0.0
2023/03/15,07:00,23.7,0.0,99,38,0.1
2023/03/15,08:00,23.5,0.0,99,329,0.0
2023/03/15,09:00,24.4,0.0,96,112,0.4
2023/03/15,10:00,26.7,0.0,86,38,1.2
2023/03/15,11:00,28.4,0.0,84,241,0.4
2023/03/15,12:00,29.8,0.0,80,130,0.8
2023/03/15,13:00,31.9,0.0,72,13,1.1
2023/03/15,14:00,32.1,0.0,68,79,1.2
2023/03/15,15:00,31.5,0.0,68,29,0.9
2023/03/15,16:00,31.5,0.0,67,336,0.7
2023/03/15,17:00,30.6,0.0,76,286,0.0
2023/03/15,18:00,28.9,0.0,85,37,0.0
2023/03/15,19:00,27.3,0.0,94,78,0.0
2023/03/15,20:00,26.5,0.0,97,12,0.0
2023/03/15,21:00,26.0,0.0,98,18,0.0
2023/03/15,22:00,25.8,0.0,98,18,0.0
2023/03/15,23:00,25.5,0.0,98,18,0.0
2023/03/16,00:00,25.2,0.0,99,332,0.0
2023/03/16,01:00,24.7,0.0,99,332,0.0
2023/03/16,02:00,24.4,0.0,99,332,0.0
2023/03/16,03:00,24.3,0.0,99,332,0.0
2023/03/16,04:00,24.2,0.0,99,332,0.0
2023/03/16,05:00,24.2,0.0,99,347,0.0
2023/03/16,06:00,24.0,0.0,99,347,0.0
2023/03/16,07:00,23.9,0.0,99,347,0.0
2023/03/16,08:00,23.5,0.0,99,347,0.0
2023/03/16,09:00,24.2,0.0,98,249,0.1
2023/03/16,10:00,25.8,0.0,90,153,0.0
2023/03/16,11:00,27.4,0.0,85,187,0.0
2023/03/16,12:00,30.9,0.0,73,62,0.5
2023/03/16,13:00,33.0,0.0,69,86,0.6
2023/03/16,14:00,34.0,0.0,66,102,1.0
2023/03/16,15:00,34.8,0.0,64,106,0.5
2023/03/16,16:00,33.5,0.0,68,130,0.6
2023/03/16,17:00,31.3,0.0,78,347,0.4
2023/03/16,18:00,27.2,0.0,90,297,0.8
2023/03/16,19:00,23.8,0.0,98,188,0.4
2023/03/16,20:00,23.4,0.0,100,118,0.2
2023/03/16,21:00,23.3,0.0,100,115,0.0
2023/03/16,22:00,23.2,0.0,100,115,0.0
2023/03/16,23:00,23.3,0.0,100,115,0.0
2023/03/17,00:00,23.3,0.0,100,124,0.0
2023/03/17,01:00,23.3,0.0,100,124,0.0
2023/03/17,02:00,23.2,0.0,100,111,0.0
2023/03/17,03:00,23.1,0.0,100,110,0.0
2023/03/17,04:00,23.1,0.0,S/D,117,0.0
2023/03/17,05:00,23.0,0.0,S/D,118,0.0
2023/03/17,06:00,22.9,0.0,S/D,118,0.0
2023/03/17,07:00,22.8,0.0,S/D,123,0.1
2023/03/17,08:00,22.8,0.0,S/D,132,0.0
2023/03/17,09:00,23.4,0.0,S/D,185,0.0
2023/03/17,10:00,24.4,0.0,S/D,91,0.8
2023/03/17,11:00,25.7,0.0,S/D,102,0.4
2023/03/17,12:00,25.7,0.0,S/D,159,0.4
2023/03/17,13:00,26.3,0.0,S/D,88,0.3
2023/03/17,14:00,28.3,0.0,S/D,97,1.0
2023/03/17,15:00,28.5,0.0,S/D,117,0.6
2023/03/17,16:00,24.7,0.0,S/D,199,0.6
2023/03/17,17:00,22.8,0.0,S/D,190,0.0
2023/03/17,18:00,22.9,0.0,S/D,84,0.0
2023/03/17,19:00,23.2,0.0,S/D,8,0.0
2023/03/17,20:00,22.9,0.0,S/D,331,0.0
2023/03/17,21:00,22.7,0.0,S/D,151,0.0
2023/03/17,22:00,22.6,0.0,S/D,125,0.0
2023/03/17,23:00,22.4,0.0,99,125,0.0
2023/03/18,00:00,22.2,0.0,100,125,0.0
2023/03/18,01:00,22.0,0.0,100,125,0.0
2023/03/18,02:00,21.9,0.0,100,125,0.0
2023/03/18,03:00,21.9,0.0,100,125,0.0
2023/03/18,04:00,22.0,0.0,100,186,0.0
2023/03/18,05:00,22.0,0.0,100,210,0.0
2023/03/18,06:00,21.9,0.0,100,210,0.0
2023/03/18,07:00,21.9,0.0,100,198,0.0
2023/03/18,08:00,22.0,0.0,100,229,0.0
2023/03/18,09:00,22.6,0.0,100,295,0.0
2023/03/18,10:00,23.7,0.0,99,144,0.1
2023/03/18,11:00,25.3,0.0,94,224,0.1
2023/03/18,12:00,27.9,0.0,86,105,0.9
2023/03/18,13:00,31.3,0.0,77,119,0.6
2023/03/18,14:00,32.6,0.0,73,141,0.4
2023/03/18,15:00,31.9,0.0,74,109,0.4
2023/03/18,16:00,30.6,0.0,79,34,1.7
2023/03/18,17:00,25.5,0.0,92,13,1.1
2023/03/18,18:00,23.5,0.0,98,270,0.2
2023/03/18,19:00,23.2,0.0,99,59,0.1
2023/03/18,20:00,23.1,0.0,99,124,0.0
2023/03/18,21:00,23.0,0.0,99,345,0.4
2023/03/18,22:00,22.9,0.0,99,329,0.0
2023/03/18,23:00,22.9,0.0,99,316,0.2
2023/03/19,00:00,22.5,0.0,99,309,0.0
2023/03/19,01:00,22.3,0.0,99,214,0.0
2023/03/19,02:00,22.3,0.0,100,214,0.0
2023/03/19,03:00,22.4,0.0,100,170,0.2
2023/03/19,04:00,22.4,0.0,100,121,0.0
2023/03/19,05:00,22.4,0.0,100,104,0.0
2023/03/19,06:00,22.4,0.0,100,50,0.0
2023/03/19,07:00,22.4,0.0,100,45,0.0
2023/03/19,08:00,22.5,0.0,100,336,0.0
2023/03/19,09:00,22.8,0.0,100,73,0.0
2023/03/19,10:00,23.9,0.0,98,94,0.3
2023/03/19,11:00,26.4,0.0,89,71,0.6
2023/03/19,12:00,28.5,0.0,85,168,0.3
2023/03/19,13:00,31.7,0.0,75,74,0.7
2023/03/19,14:00,32.7,0.0,65,323,0.7
2023/03/19,15:00,33.0,0.0,66,7,0.5
2023/03/19,16:00,33.8,0.0,66,39,0.4
2023/03/19,17:00,32.7,0.0,70,347,0.3
2023/03/19,18:00,30.3,0.0,86,344,0.0
2023/03/19,19:00,28.4,0.0,94,26,0.1
2023/03/19,20:00,26.8,0.0,97,312,0.0
2023/03/19,21:00,25.7,0.0,98,349,0.0
2023/03/19,22:00,25.2,0.0,99,349,0.0
2023/03/19,23:00,25.0,0.0,99,29,0.0
2023/03/20,00:00,24.7,0.0,99,13,0.0
2023/03/20,01:00,24.5,0.0,99,13,0.0
2023/03/20,02:00,24.7,0.0,99,13,0.0
2023/03/20,03:00,24.6,0.0,99,13,0.0
2023/03/20,04:00,24.6,0.0,99,30,0.3
2023/03/20,05:00,24.4,0.0,99,312,0.1
2023/03/20,06:00,24.1,0.0,99,340,0.0
2023/03/20,07:00,24.0,0.0,99,334,0.0
2023/03/20,08:00,23.9,0.0,99,321,0.0
2023/03/20,09:00,24.3,0.0,97,107,0.1
2023/03/20,10:00,25.1,0.0,94,224,0.1
2023/03/20,11:00,27.4,0.0,86,76,0.1
2023/03/20,12:00,30.2,0.0,79,124,0.3
2023/03/20,13:00,32.0,0.0,75,128,1.2
2023/03/20,14:00,33.2,0.0,70,73,0.7
2023/03/20,15:00,33.8,0.0,69,46,0.7
2023/03/20,16:00,33.7,0.0,69,21,0.7
2023/03/20,17:00,30.8,0.0,87,239,0.3
2023/03/20,18:00,27.6,0.0,96,354,1.0
2023/03/20,19:00,23.6,0.0,99,137,0.0
2023/03/20,20:00,23.4,0.0,100,64,0.1
2023/03/20,21:00,23.5,0.0,100,282,0.0
2023/03/20,22:00,23.5,0.0,100,305,0.4
2023/03/20,23:00,23.5,0.0,100,277,0.0
2023/03/21,00:00,23.4,0.0,100,336,0.2
2023/03/21,01:00,23.2,0.0,100,112,0.0
2023/03/21,02:00,23.0,0.0,100,146,0.0
2023/03/21,03:00,22.8,0.0,100,19,0.4
2023/03/21,04:00,22.4,0.0,100,259,0.0
2023/03/21,05:00,22.3,0.0,100,278,0.0
2023/03/21,06:00,22.2,0.0,100,241,0.0
2023/03/21,07:00,22.2,0.0,100,26,0.4
2023/03/21,08:00,22.2,0.0,100,332,0.1
2023/03/21,09:00,22.4,0.0,100,349,0.0
2023/03/21,10:00,22.8,0.0,100,275,0.0
2023/03/21,11:00,23.4,0.0,99,16,0.3
2023/03/21,12:00,24.2,0.0,98,91,0.1
2023/03/21,13:00,25.9,0.0,94,103,0.8
2023/03/21,14:00,26.9,0.0,90,136,0.4
2023/03/21,15:00,28.9,0.0,81,347,0.3
2023/03/21,16:00,30.3,0.0,72,142,0.3
2023/03/21,17:00,30.6,0.0,72,154,0.1
2023/03/21,18:00,30.4,0.0,76,330,0.0
2023/03/21,19:00,28.1,0.0,92,254,0.0
2023/03/21,20:00,26.5,0.0,96,284,0.0
2023/03/21,21:00,25.8,0.0,98,284,0.0
2023/03/21,22:00,25.5,0.0,98,284,0.0
2023/03/21,23:00,25.3,0.0,99,284,0.0
2023/03/22,00:00,25.1,0.0,99,259,0.0
2023/03/22,01:00,24.9,0.0,99,259,0.0
2023/03/22,02:00,24.7,0.0,99,259,0.0
2023/03/22,03:00,24.6,0.0,99,259,0.0
2023/03/22,04:00,24.6,0.0,99,259,0.0
2023/03/22,05:00,24.5,0.0,99,259,0.0
2023/03/22,06:00,24.4,0.0,99,264,0.0
2023/03/22,07:00,24.3,0.0,99,264,0.0
2023/03/22,08:00,24.3,0.0,99,260,0.0
2023/03/22,09:00,24.4,0.0,99,308,0.0
2023/03/22,10:00,25.2,0.0,95,88,0.6
2023/03/22,11:00,26.1,0.0,91,97,0.2
2023/03/22,12:00,27.1,0.0,89,108,0.2
2023/03/22,13:00,27.6,0.0,88,108,0.8
2023/03/22,14:00,27.9,0.0,85,85,0.5
2023/03/22,15:00,28.2,0.0,85,248,0.6
2023/03/22,16:00,27.9,0.0,87,275,0.3
2023/03/22,17:00,28.8,0.0,81,285,0.4
2023/03/22,18:00,28.7,0.0,83,204,0.1
2023/03/22,19:00,28.4,0.0,88,314,0.0
2023/03/22,20:00,26.2,0.0,97,315,0.0
2023/03/22,21:00,25.3,0.0,98,315,0.0
2023/03/22,22:00,24.6,0.0,99,316,0.0
2023/03/22,23:00,24.2,S/D,99,316,0.0
2023/03/23,00:00,23.7,0.0,99,315,0.0
2023/03/23,01:00,23.4,0.0,99,315,0.0
2023/03/23,02:00,23.4,0.0,99,315,0.0
2023/03/23,03:00,23.3,0.0,99,315,0.0
2023/03/23,04:00,23.4,0.0,99,315,0.0
2023/03/23,05:00,23.4,0.0,99,315,0.0
2023/03/23,06:00,23.4,0.0,99,315,0.0
2023/03/23,07:00,23.3,0.0,99,315,0.0
2023/03/23,08:00,23.4,0.0,100,304,0.0
2023/03/23,09:00,23.9,0.0,99,280,0.0
2023/03/23,10:00,24.4,0.0,98,123,0.0
2023/03/23,11:00,24.8,0.0,96,360,0.1
2023/03/23,12:00,25.3,0.0,95,2,0.0
2023/03/23,13:00,24.7,0.0,94,336,0.2
2023/03/23,14:00,24.3,0.0,95,166,0.0
2023/03/23,15:00,24.3,0.0,95,127,0.6
2023/03/23,16:00,23.9,0.0,95,134,0.0
2023/03/23,17:00,24.0,0.0,95,187,0.0
2023/03/23,18:00,24.4,0.0,95,129,0.1
2023/03/23,19:00,24.0,0.0,97,118,0.1
2023/03/23,20:00,23.6,0.0,98,50,0.0
2023/03/23,21:00,23.3,0.0,99,285,0.0
2023/03/23,22:00,23.1,0.0,99,285,0.0
2023/03/23,23:00,22.8,0.0,99,285,0.0
2023/03/24,00:00,22.9,0.0,99,293,0.0
2023/03/24,01:00,22.9,0.0,99,292,0.0
2023/03/24,02:00,22.8,0.0,99,291,0.0
2023/03/24,03:00,22.8,0.0,100,293,0.0
2023/03/24,04:00,22.9,0.0,99,293,0.0
2023/03/24,05:00,22.8,0.0,100,293,0.0
2023/03/24,06:00,22.8,0.0,100,292,0.0
2023/03/24,07:00,22.8,0.0,100,151,0.0
2023/03/24,08:00,22.8,0.0,100,164,0.0
2023/03/24,09:00,23.2,0.0,99,30,0.0
2023/03/24,10:00,23.7,0.0,97,47,0.4
2023/03/24,11:00,24.6,0.0,94,79,0.2
2023/03/24,12:00,25.5,0.0,90,98,0.4
2023/03/24,13:00,27.7,0.0,84,46,0.6
2023/03/24,14:00,29.4,0.0,78,46,0.6
2023/03/24,15:00,27.4,0.0,85,87,0.2
2023/03/24,16:00,25.7,0.0,93,44,0.1
2023/03/24,17:00,25.5,0.0,93,56,0.0
2023/03/24,18:00,25.7,0.0,91,56,0.3
2023/03/24,19:00,25.7,0.0,93,259,0.0
2023/03/24,20:00,24.8,0.0,97,259,0.0
2023/03/24,21:00,24.2,0.0,98,260,0.0
2023/03/24,22:00,23.9,0.0,99,260,0.0
2023/03/24,23:00,23.9,0.0,99,260,0.0
2023/03/25,00:00,23.8,0.0,99,260,0.0
2023/03/25,01:00,23.7,0.0,99,280,0.0
2023/03/25,02:00,23.6,0.0,99,42,0.0
2023/03/25,03:00,23.5,0.0,99,338,0.0
2023/03/25,04:00,23.5,0.0,99,111,0.0
2023/03/25,05:00,23.4,0.0,99,101,0.1
2023/03/25,06:00,23.3,0.0,99,104,0.1
2023/03/25,07:00,23.3,0.0,99,110,0.0
2023/03/25,08:00,23.0,0.0,99,117,0.6
2023/03/25,09:00,22.2,0.0,99,120,0.0
2023/03/25,10:00,22.6,0.0,99,122,0.0
2023/03/25,11:00,23.1,0.0,98,123,0.2
2023/03/25,12:00,23.4,0.0,98,226,0.9
2023/03/25,13:00,24.0,0.0,96,239,0.2
2023/03/25,14:00,25.4,0.0,93,343,0.8
2023/03/25,15:00,25.4,0.0,93,16,0.6
2023/03/25,16:00,26.2,0.0,89,213,0.3
2023/03/25,17:00,27.6,0.0,83,187,0.1
2023/03/25,18:00,26.8,0.0,87,253,0.0
2023/03/25,19:00,25.2,0.0,94,237,0.0
2023/03/25,20:00,23.8,0.0,98,237,0.0
2023/03/25,21:00,23.0,0.0,99,239,0.0
2023/03/25,22:00,22.5,0.0,99,239,0.0
2023/03/25,23:00,22.1,0.0,99,266,0.0
2023/03/26,00:00,21.7,0.0,99,266,0.0
2023/03/26,01:00,21.6,0.0,99,266,0.0
2023/03/26,02:00,21.7,0.0,100,266,0.0
2023/03/26,03:00,21.7,0.0,100,266,0.0
2023/03/26,04:00,21.8,0.0,100,266,0.0
2023/03/26,05:00,21.9,0.0,100,266,0.0
2023/03/26,06:00,21.9,0.0,100,265,0.0
2023/03/26,07:00,21.8,0.0,100,265,0.0
2023/03/26,08:00,21.8,0.0,100,266,0.0
2023/03/26,09:00,22.5,0.0,99,247,0.0
2023/03/26,10:00,23.2,0.0,98,275,0.0
2023/03/26,11:00,24.0,0.0,94,119,0.0
2023/03/26,12:00,25.7,0.0,89,118,0.3
2023/03/26,13:00,28.5,0.0,82,169,0.4
2023/03/26,14:00,30.6,0.0,74,181,0.1
2023/03/26,15:00,32.6,0.0,70,215,0.3
2023/03/26,16:00,33.3,0.0,67,144,0.4
2023/03/26,17:00,32.8,0.0,68,94,0.0
2023/03/26,18:00,30.9,0.0,78,37,0.7
2023/03/26,19:00,29.2,0.0,87,327,0.0
2023/03/26,20:00,26.5,0.0,96,327,0.0
2023/03/26,21:00,25.3,0.0,98,322,0.0
2023/03/26,22:00,24.5,0.0,99,321,0.0
2023/03/26,23:00,23.9,0.0,99,4,0.0
2023/03/27,00:00,23.5,0.0,99,4,0.0
2023/03/27,01:00,23.2,0.0,99,4,0.0
2023/03/27,02:00,23.1,0.0,99,4,0.0
2023/03/27,03:00,23.2,0.0,99,59,0.7
2023/03/27,04:00,22.3,0.0,99,143,0.0
2023/03/27,05:00,22.1,0.0,100,293,0.0
2023/03/27,06:00,21.9,0.0,100,223,0.1
2023/03/27,07:00,21.8,0.0,100,216,0.0
2023/03/27,08:00,21.9,0.0,100,188,0.0
2023/03/27,09:00,22.4,0.0,100,138,0.0
2023/03/27,10:00,22.9,0.0,100,136,0.0
2023/03/27,11:00,24.5,0.0,97,169,0.1
2023/03/27,12:00,26.7,0.0,87,126,0.3
2023/03/27,13:00,28.8,0.0,77,71,0.5
2023/03/27,14:00,30.7,0.0,70,91,0.6
2023/03/27,15:00,32.3,0.0,66,104,0.7
2023/03/27,16:00,33.0,0.0,64,139,0.3
2023/03/27,17:00,32.9,0.0,65,171,0.4
2023/03/27,18:00,31.0,0.0,76,76,0.0
2023/03/27,19:00,28.0,0.0,91,360,0.0
2023/03/27,20:00,25.9,0.0,97,313,0.0
2023/03/27,21:00,24.8,0.0,98,316,0.0
2023/03/27,22:00,24.4,0.0,99,321,0.0
2023/03/27,23:00,24.1,0.0,99,321,0.0
2023/03/28,00:00,23.5,0.0,99,321,0.0
2023/03/28,01:00,23.0,0.0,99,321,0.0
2023/03/28,02:00,22.7,0.0,99,321,0.0
2023/03/28,03:00,22.4,0.0,99,321,0.0
2023/03/28,04:00,22.1,0.0,99,321,0.0
2023/03/28,05:00,22.1,0.0,100,321,0.0
2023/03/28,06:00,22.0,0.0,100,18,0.0
2023/03/28,07:00,22.1,0.0,100,17,0.0
2023/03/28,08:00,22.3,0.0,100,18,0.0
2023/03/28,09:00,23.1,0.0,99,256,0.0
2023/03/28,10:00,24.2,0.0,96,65,0.2
2023/03/28,11:00,26.0,0.0,89,78,0.3
2023/03/28,12:00,27.7,0.0,85,56,0.6
2023/03/28,13:00,31.2,0.0,75,65,0.4
2023/03/28,14:00,33.0,0.0,70,106,0.4
2023/03/28,15:00,31.4,0.0,75,55,0.3
2023/03/28,16:00,28.6,0.0,88,84,0.7
2023/03/28,17:00,27.8,0.0,88,103,0.2
2023/03/28,18:00,27.8,0.0,89,29,0.4
2023/03/28,19:00,27.0,0.0,93,7,0.0
2023/03/28,20:00,25.5,0.0,97,324,0.0
2023/03/28,21:00,24.5,0.0,98,323,0.0
2023/03/28,22:00,23.8,0.0,99,323,0.0
2023/03/28,23:00,23.4,0.0,99,323,0.0
2023/03/29,00:00,23.1,0.0,99,321,0.0
2023/03/29,01:00,22.9,0.0,99,321,0.0
2023/03/29,02:00,22.7,0.0,99,321,0.0
2023/03/29,03:00,22.6,0.0,100,321,0.2
2023/03/29,04:00,22.7,0.0,100,321,0.0
2023/03/29,05:00,22.5,0.0,100,321,0.0
2023/03/29,06:00,22.3,0.0,100,321,0.0
2023/03/29,07:00,22.6,0.0,100,321,0.0
2023/03/29,08:00,22.8,0.0,100,321,0.0
2023/03/29,09:00,23.4,0.0,99,81,0.0
2023/03/29,10:00,25.0,0.0,92,118,0.4
2023/03/29,11:00,29.3,0.0,82,89,0.7
2023/03/29,12:00,31.9,0.0,73,69,0.7
2023/03/29,13:00,33.4,0.0,67,36,0.8
2023/03/29,14:00,34.1,0.0,64,158,0.3
2023/03/29,15:00,35.4,0.0,62,70,0.4
2023/03/29,16:00,35.5,0.0,60,82,0.2
2023/03/29,17:00,35.3,0.0,62,154,0.3
2023/03/29,18:00,32.5,0.0,70,61,0.8
2023/03/29,19:00,28.6,0.0,82,310,0.5
2023/03/29,20:00,26.7,0.0,92,334,0.0
2023/03/29,21:00,25.6,0.0,96,40,0.0
2023/03/29,22:00,24.9,0.0,97,292,0.0
2023/03/29,23:00,24.4,0.0,98,288,0.0
2023/03/30,00:00,24.4,0.0,99,288,0.0
2023/03/30,01:00,24.3,0.0,99,307,0.0
2023/03/30,02:00,23.9,0.0,99,309,0.0
2023/03/30,03:00,23.9,0.0,99,309,0.0
2023/03/30,04:00,23.9,0.0,99,306,0.0
2023/03/30,05:00,23.9,0.0,99,309,0.0
2023/03/30,06:00,23.9,0.0,99,319,0.5
2023/03/30,07:00,23.6,0.0,100,166,0.0
2023/03/30,08:00,23.7,0.0,100,121,0.0
2023/03/30,09:00,24.0,0.0,99,10,0.0
2023/03/30,10:00,23.9,0.0,99,241,0.0
2023/03/30,11:00,24.4,0.0,100,293,0.2
2023/03/30,12:00,25.7,0.0,96,331,0.8
2023/03/30,13:00,25.6,0.0,95,239,0.6
2023/03/30,14:00,23.4,0.0,98,188,0.4
2023/03/30,15:00,22.7,0.0,100,36,0.4
2023/03/30,16:00,22.7,0.0,100,341,0.8
2023/03/30,17:00,22.9,0.0,100,216,0.2
2023/03/30,18:00,23.1,0.0,100,123,0.2
2023/03/30,19:00,23.0,0.0,100,123,0.0
2023/03/30,20:00,22.8,0.0,100,322,0.0
2023/03/30,21:00,22.5,0.0,100,336,0.0
2023/03/30,22:00,22.4,0.0,100,299,0.0
2023/03/30,23:00,22.2,0.0,100,300,0.0
2023/03/31,00:00,22.2,0.0,100,319,0.0
2023/03/31,01:00,22.0,0.0,100,81,0.0
2023/03/31,02:00,21.8,0.0,100,355,0.0
2023/03/31,03:00,21.9,0.0,100,217,0.0
2023/03/31,04:00,21.9,0.0,100,242,0.0
2023/03/31,05:00,21.8,0.0,100,284,0.0
2023/03/31,06:00,21.7,0.0,100,282,0.0
2023/03/31,07:00,21.6,0.0,100,284,0.0
2023/03/31,08:00,21.8,0.0,100,273,0.0
2023/03/31,09:00,22.6,0.0,100,325,0.1
2023/03/31,10:00,24.0,0.0,99,336,0.4
2023/03/31,11:00,25.7,0.0,95,41,0.3
2023/03/31,12:00,25.8,0.0,94,360,0.3
2023/03/31,13:00,26.6,0.0,93,345,1.0
2023/03/31,14:00,28.7,0.0,84,328,0.8
2023/03/31,15:00,31.0,0.0,75,82,0.5
2023/03/31,16:00,32.7,0.0,68,72,0.2
2023/03/31,17:00,32.8,0.0,68,86,0.2
2023/03/31,18:00,30.5,0.0,78,322,0.0
2023/03/31,19:00,28.3,0.0,91,18,0.0
2023/03/31,20:00,26.8,0.0,96,312,0.0
2023/03/31,21:00,25.6,0.0,98,312,0.0
2023/03/31,22:00,25.3,0.0,99,159,0.7
2023/03/31,23:00,24.6,0.0,100,121,1.1
